module.exports = [{
		a: '东部片区',
		b: '64',
		c: '64',
		d: '73',
		e: '79',
		f: '109',
		g: '124',
		h: '139',
		i: '169',
		j: '154',
		k: '109',
		l: '94',
		m: '64',
		n: '1242'
	},
	{
		a: '西部片区',
		b: '89',
		c: '89',
		d: '101',
		e: '109',
		f: '149',
		g: '169',
		h: '189',
		i: '229',
		j: '209',
		k: '149',
		l: '129',
		m: '89',
		n: '1700'
	},
	{
		a: '中部片区',
		b: '125',
		c: '125',
		d: '140',
		e: '150',
		f: '200',
		g: '225',
		h: '250',
		i: '300',
		j: '275',
		k: '200',
		l: '175',
		m: '125',
		n: '2290'
	},
	{
		a: '全县',
		b: '278',
		c: '278',
		d: '314',
		e: '338',
		f: '458',
		g: '518',
		h: '578',
		i: '698',
		j: '638',
		k: '458',
		l: '398',
		m: '278',
		n: '5232'
	}
];
