module.exports = [{
		a: '东部片区',
		b: 69,
		c: 69,
		d: 78,
		e: 84,
		f: 114,
		g: 129,
		h: 144,
		i: 174,
		j: 159,
		k: 114,
		l: 99,
		m: 69,
		n: 1302,
	},
	{
		a: '西部片区',
		b: 99,
		c: 99,
		d: 111,
		e: 119,
		f: 159,
		g: 179,
		h: 199,
		i: 239,
		j: 219,
		k: 159,
		l: 139,
		m: 99,
		n: 1820,
	},
	{
		a: '中部片区',
		b: 145,
		c: 145,
		d: 160,
		e: 170,
		f: 220,
		g: 245,
		h: 270,
		i: 320,
		j: 295,
		k: 220,
		l: 195,
		m: 145,
		n: 2530,
	},
	{
		a: '全县',
		b: 313,
		c: 313,
		d: 349,
		e: 373,
		f: 493,
		g: 553,
		h: 613,
		i: 733,
		j: 673,
		k: 493,
		l: 433,
		m: 313,
		n: 5652,
	},
];
